
SYMMETRICAL COMPONENT VOLTAGES BY BUS (for 3-phase buses)

Bus        Mag:   V1 (kV)    p.u.     V2 (kV)   %V2/V1    V0 (kV)    %V0/V1

sourcebus      66.4          1   1.332E-6   2.006E-6   9.46E-8  1.425E-7
650           2.402          1   4.899E-8    2.04E-6 1.937E-11 8.064E-10
rg60          2.402          1   4.899E-8    2.04E-6 5.064E-11  2.109E-9
633           2.402          1   4.899E-8    2.04E-6  3.723E-8   1.55E-6
634          0.2771          1   5.653E-9    2.04E-6  4.295E-9   1.55E-6
684           2.402          1          0          0         0         0
645           2.402          1          0          0         0         0
646           2.402          1          0          0         0         0
692           2.402          1   4.334E-8   1.804E-6  8.378E-8  3.488E-6
675           2.402          1   4.353E-8   1.812E-6  8.384E-8  3.491E-6
611           2.402          1          0          0         0         0
652           2.402          1          0          0         0         0
670           2.402          1   3.593E-9   1.496E-7  1.726E-9  7.188E-8
671           2.402          1   4.334E-8   1.804E-6  8.378E-8  3.488E-6
632           2.402          1   4.899E-8    2.04E-6  3.723E-8   1.55E-6
680               0          0          0          0         0         0
